0 1 0   0 0 -1   0 0 0  1  1 1 -1 -1   320 320
0.1 0.1 0.1
3
0 20 0  0.9 0.9 0.9
20 10 0   0.5 0.5 0.9
0 0 -35   0.9 0.1 0.1




c
26. 0. -35.  20. 0. -50.0 10. 0  0.2 0.5 0.2   0.1 0.9 0.5   0.9 0.9 0.9  30 

s
-15. 0. -35.  10.    0.2 0.5 0.2   0.1 0.9 0.5   0. 0.2 0.1  30 

d
5. -10. -45.  -1.0 1.0 0.8  15.   0.2 0.5 0.2   0.1 0.2 0.8   0.5 0.5 0.5  30 

p
3

-30. -50. -70. 
80. -90. -120. 
-20. 50. -70.
0.9 0.2 0.1   0.9 0.2 0.1   0.9 0. 0.  10 


p3 

40. 60. -70.  
-80. -40. -90.
80. -50. -90.  
0.1 0.2 0.9   0.1 0.5 0.9   0. 0. 0.9  10 




