0 1 0   0 0 -1   0 0 0  1  1 1 -1 -1   320 320
0.1 0.1 0.1
3
0 20 0  0.9 0.9 0.9
20 10 0   0.5 0.5 0.9
0 0 -35   0.9 0.1 0.1


s
-15. 0. -25.  10.    0.2 0.5 0.2   0.1 0.9 0.5   0. 0.2 0.1  30 

s
25. 0. -35.  5.    0.2 0.5 0.2   0.7 0.2 0.5   0.2 0.2 0.1  30 


d
5. 0. -45.  -2.0 1.0 0.8  15.   0.2 0.5 0.2   0.1 0.2 0.8   0.5 0.5 0.5  30 

p 4
-200 -20 -100
-200 -20 100
200 -20 100
200 -20 -100
0.900000 0.200000 0.100000 0.200000 0.200000 0.20000 0.000000 0.000000 0.000000 1.000000

p 4
100 100 -100
-100 100 -100
-100 -100 -100
100 -100 -100
0.900000 0.200000 0.100000 0.200000 0.200000 0.20000 0.000000 0.000000 0.000000 1.000000


p 3
-6.529485 13.017520 -24.488033
11.196152 8.803847 -16.000000
11.684186 8.137181 -17.821367
0.900000 0.200000 0.100000 0.900000 0.200000 0.100000 0.000000 0.000000 0.000000 1.000000
p 3
-6.529485 13.017520 -24.488033
-7.017519 13.684186 -22.666666
11.196152 8.803847 -16.000000
0.900000 0.200000 0.100000 0.900000 0.200000 0.100000 0.000000 0.000000 0.000000 1.000000
p 3
-7.196152 11.196153 -24.000000
11.017519 6.315814 -17.333334
10.529485 6.982481 -15.511966
0.900000 0.200000 0.100000 0.900000 0.200000 0.100000 0.000000 0.000000 0.000000 1.000000
p 3
-7.196152 11.196153 -24.000000
10.529485 6.982481 -15.511966
-7.684186 11.862819 -22.178633
0.900000 0.200000 0.100000 0.900000 0.200000 0.100000 0.000000 0.000000 0.000000 1.000000
p 3
-7.196152 11.196153 -24.000000
-7.017519 13.684186 -22.666666
-6.529485 13.017520 -24.488033
0.900000 0.200000 0.100000 0.900000 0.200000 0.100000 0.000000 0.000000 0.000000 1.000000
p 3
-7.196152 11.196153 -24.000000
-7.684186 11.862819 -22.178633
-7.017519 13.684186 -22.666666
0.900000 0.200000 0.100000 0.900000 0.200000 0.100000 0.000000 0.000000 0.000000 1.000000
p 3
11.196152 8.803847 -16.000000
11.017519 6.315814 -17.333334
11.684186 8.137181 -17.821367
0.900000 0.200000 0.100000 0.900000 0.200000 0.100000 0.000000 0.000000 0.000000 1.000000
p 3
11.196152 8.803847 -16.000000
10.529485 6.982481 -15.511966
11.017519 6.315814 -17.333334
0.900000 0.200000 0.100000 0.900000 0.200000 0.100000 0.000000 0.000000 0.000000 1.000000
p 3
-7.196152 11.196153 -24.000000
-6.529485 13.017520 -24.488033
11.684186 8.137181 -17.821367
0.900000 0.200000 0.100000 0.900000 0.200000 0.100000 0.000000 0.000000 0.000000 1.000000
p 3
-7.196152 11.196153 -24.000000
11.684186 8.137181 -17.821367
11.017519 6.315814 -17.333334
0.900000 0.200000 0.100000 0.900000 0.200000 0.100000 0.000000 0.000000 0.000000 1.000000
p 3
11.196152 8.803847 -16.000000
-7.017519 13.684186 -22.666666
-7.684186 11.862819 -22.178633
0.900000 0.200000 0.100000 0.900000 0.200000 0.100000 0.000000 0.000000 0.000000 1.000000
p 3
11.196152 8.803847 -16.000000
-7.684186 11.862819 -22.178633
10.529485 6.982481 -15.511966
0.900000 0.200000 0.100000 0.900000 0.200000 0.100000 0.000000 0.000000 0.000000 1.000000
p 3
4.666667 19.017519 -23.684187
6.000000 19.196152 -21.196152
6.488034 18.529486 -23.017519
0.900000 0.200000 0.100000 0.900000 0.200000 0.100000 0.000000 0.000000 0.000000 1.000000
p 3
4.666667 19.017519 -23.684187
4.178633 19.684185 -21.862820
6.000000 19.196152 -21.196152
0.900000 0.200000 0.100000 0.900000 0.200000 0.100000 0.000000 0.000000 0.000000 1.000000
p 3
-2.000000 0.803848 -18.803848
-0.178633 0.315814 -18.137180
-0.666667 0.982481 -16.315813
0.900000 0.200000 0.100000 0.900000 0.200000 0.100000 0.000000 0.000000 0.000000 1.000000
p 3
-2.000000 0.803848 -18.803848
-0.666667 0.982481 -16.315813
-2.488034 1.470515 -16.982481
0.900000 0.200000 0.100000 0.900000 0.200000 0.100000 0.000000 0.000000 0.000000 1.000000
p 3
-2.000000 0.803848 -18.803848
4.178633 19.684185 -21.862820
4.666667 19.017519 -23.684187
0.900000 0.200000 0.100000 0.900000 0.200000 0.100000 0.000000 0.000000 0.000000 1.000000
p 3
-2.000000 0.803848 -18.803848
-2.488034 1.470515 -16.982481
4.178633 19.684185 -21.862820
0.900000 0.200000 0.100000 0.900000 0.200000 0.100000 0.000000 0.000000 0.000000 1.000000
p 3
6.000000 19.196152 -21.196152
-0.178633 0.315814 -18.137180
6.488034 18.529486 -23.017519
0.900000 0.200000 0.100000 0.900000 0.200000 0.100000 0.000000 0.000000 0.000000 1.000000
p 3
6.000000 19.196152 -21.196152
-0.666667 0.982481 -16.315813
-0.178633 0.315814 -18.137180
0.900000 0.200000 0.100000 0.900000 0.200000 0.100000 0.000000 0.000000 0.000000 1.000000
p 3
-2.000000 0.803848 -18.803848
4.666667 19.017519 -23.684187
6.488034 18.529486 -23.017519
0.900000 0.200000 0.100000 0.900000 0.200000 0.100000 0.000000 0.000000 0.000000 1.000000
p 3
-2.000000 0.803848 -18.803848
6.488034 18.529486 -23.017519
-0.178633 0.315814 -18.137180
0.900000 0.200000 0.100000 0.900000 0.200000 0.100000 0.000000 0.000000 0.000000 1.000000
p 3
6.000000 19.196152 -21.196152
4.178633 19.684185 -21.862820
-2.488034 1.470515 -16.982481
0.900000 0.200000 0.100000 0.900000 0.200000 0.100000 0.000000 0.000000 0.000000 1.000000
p 3
6.000000 19.196152 -21.196152
-2.488034 1.470515 -16.982481
-0.666667 0.982481 -16.315813
0.900000 0.200000 0.100000 0.900000 0.200000 0.100000 0.000000 0.000000 0.000000 1.000000
p 3
3.862819 7.821367 -29.684185
0.803848 14.000000 -10.803848
5.684186 7.333333 -29.017519
0.900000 0.200000 0.100000 0.900000 0.200000 0.100000 0.000000 0.000000 0.000000 1.000000
p 3
3.862819 7.821367 -29.684185
-1.017519 14.488034 -11.470515
0.803848 14.000000 -10.803848
0.900000 0.200000 0.100000 0.900000 0.200000 0.100000 0.000000 0.000000 0.000000 1.000000
p 3
3.196152 6.000000 -29.196152
5.017519 5.511966 -28.529486
0.137181 12.178633 -10.315814
0.900000 0.200000 0.100000 0.900000 0.200000 0.100000 0.000000 0.000000 0.000000 1.000000
p 3
3.196152 6.000000 -29.196152
0.137181 12.178633 -10.315814
-1.684186 12.666667 -10.982481
0.900000 0.200000 0.100000 0.900000 0.200000 0.100000 0.000000 0.000000 0.000000 1.000000
p 3
3.196152 6.000000 -29.196152
-1.017519 14.488034 -11.470515
3.862819 7.821367 -29.684185
0.900000 0.200000 0.100000 0.900000 0.200000 0.100000 0.000000 0.000000 0.000000 1.000000
p 3
3.196152 6.000000 -29.196152
-1.684186 12.666667 -10.982481
-1.017519 14.488034 -11.470515
0.900000 0.200000 0.100000 0.900000 0.200000 0.100000 0.000000 0.000000 0.000000 1.000000
p 3
0.803848 14.000000 -10.803848
5.017519 5.511966 -28.529486
5.684186 7.333333 -29.017519
0.900000 0.200000 0.100000 0.900000 0.200000 0.100000 0.000000 0.000000 0.000000 1.000000
p 3
0.803848 14.000000 -10.803848
0.137181 12.178633 -10.315814
5.017519 5.511966 -28.529486
0.900000 0.200000 0.100000 0.900000 0.200000 0.100000 0.000000 0.000000 0.000000 1.000000
p 3
3.196152 6.000000 -29.196152
3.862819 7.821367 -29.684185
5.684186 7.333333 -29.017519
0.900000 0.200000 0.100000 0.900000 0.200000 0.100000 0.000000 0.000000 0.000000 1.000000
p 3
3.196152 6.000000 -29.196152
5.684186 7.333333 -29.017519
5.017519 5.511966 -28.529486
0.900000 0.200000 0.100000 0.900000 0.200000 0.100000 0.000000 0.000000 0.000000 1.000000
p 3
0.803848 14.000000 -10.803848
-1.017519 14.488034 -11.470515
-1.684186 12.666667 -10.982481
0.900000 0.200000 0.100000 0.900000 0.200000 0.100000 0.000000 0.000000 0.000000 1.000000
p 3
0.803848 14.000000 -10.803848
-1.684186 12.666667 -10.982481
0.137181 12.178633 -10.315814
0.900000 0.200000 0.100000 0.900000 0.200000 0.100000 0.000000 0.000000 0.000000 1.000000
